1
5
6
9
12
15
16
20
28
29
37
38
40
43
45
46
47
48
49
51
57
61
74
78
83
92
94
96
103
110
111
112
113
114
119
122
124
125
126
130
137
139
141
146
147
148
149
151
152
153
157
158
165
170
172
180
184
193
200
204
206
208
209
211
212
217
218
228
229
232
242
243
246
248
249
251
256
257
258
263
264
265
267
270
273
277
278
279
281
288
297
304
309
310
314
321
327
330
331
333
338
347
349
350
351
355
356
358
365
378
380
385
387
389
399
400
403
414
415
423
425
433
434
440
446
456
466
469
473
479
480
483
485
487
488
495
498
504
513
515
521
534
544
546
548
551
554
556
558
563
566
568
570
573
575
582
594
600
609
611
613
614
621
633
634
643
644
646
655
657
663
664
670
673
678
684
686
687
688
689
690
697
698
703
710
715
721
723
730
732
734
735
737
741
742
749
750
751
753
754
758
761
762
763
767
771
779
783
784
788
789
795
799
803
804
805
807
808
809
810
815
817
821
831
836
841
843
845
847
850
863
868
874
877
878
879
880
881
882
888
890
895
901
905
906
907
909
914
916
918
922
926
932
937
943
946
951
952
953
958
963
968
974
982
983
984
985
987
989
991
993
1001
1002
1011
1012
1014
1015
1024
1028
1032
1039
1041
1042
1048
1049
1052
1057
1058
1062
1063
1064
1066
1068
1074
1085
1095
1102
1104
1106
1112
1113
1120
1132
1140
1146
1149
1154
1161
1162
1175
1181
1186
1190
1192
1194
1202
1209
1213
1215
1217
1222
1223
1229
1231
1244
1245
1249
1250
1251
1257
1258
1259
1266
1268
1272
1291
1295
1298
1307
1348
1352
1353
1362
1376
1383
1384
1386
1387
1389
1390
1392
1393
1394
1399
1400
1401
1414
1420
1424
1430
1445
1446
1450
1454
1456
1464
1474
1475
1476
1483
1484
1487
1490
1494
1500
1501
1503
1507
1508
1511
1522
1526
1530
1538
1540
1541
1544
1552
1565
1569
1584
1589
1595
1598
1600
1602
1603
1604
1608
1610
1616
1626
1631
1638
1648
1652
1659
1664
1670
1672
1675
1683
1685
1704
1711
1713
1720
1724
1727
1731
1732
1746
1749
1754
1758
1764
1765
1779
1782
1784
1786
1787
1792
1795
1799
1800
1801
1803
1807
1810
1814
1815
1817
1823
1824
1827
1828
1841
1859
1870
1871
1872
1877
1888
1908
1909
1914
1916
1917
1919
1920
1924
1927
1932
1934
1938
1949
1954
1957
1958
1963
1965
1967
1977
2004
2007
2011
2019
2023
2032
2044
