bestinds
1
5
6
9
12
15
20
28
29
30
37
38
40
41
43
44
45
46
47
48
49
51
57
58
61
74
78
82
83
96
103
111
113
114
115
119
122
124
125
126
130
131
135
137
139
141
144
146
147
148
149
151
152
153
157
158
159
165
180
184
192
193
195
204
206
208
209
210
211
212
218
229
232
242
243
246
249
250
251
257
263
264
265
267
270
273
278
279
281
282
288
304
307
309
310
314
322
329
330
331
333
338
344
347
349
350
351
355
356
358
365
379
380
381
385
387
389
399
400
403
414
415
423
425
426
433
434
440
446
456
458
462
466
469
470
473
479
480
483
485
487
488
490
495
498
504
521
533
534
535
542
544
546
548
551
554
558
563
566
567
568
570
573
575
582
594
600
609
611
613
614
621
633
636
643
644
646
647
655
663
664
670
678
684
687
688
689
690
697
698
703
706
710
715
717
721
723
729
730
732
734
735
737
741
742
749
750
754
756
757
758
763
765
767
769
779
781
782
783
788
789
793
794
795
804
805
807
808
809
810
811
812
815
817
831
837
841
843
845
848
850
863
868
874
877
878
879
880
881
882
888
890
891
895
902
905
906
907
908
915
916
918
922
926
932
937
943
946
951
952
953
958
963
968
974
984
985
986
987
989
991
993
1001
1002
1011
1012
1014
1015
1024
1032
1039
1043
1048
1052
1053
1057
1058
1062
1063
1064
1074
1075
1085
1095
1102
1104
1106
1109
1112
1120
1132
1140
1146
1149
1154
1161
1162
1163
1175
1186
1188
1190
1192
1209
1210
1213
1215
1216
1222
1223
1229
1231
1243
1244
1257
1258
1259
1266
1268
1272
1292
1295
1298
1307
1336
1349
1352
1353
1363
1376
1384
1387
1389
1390
1392
1393
1394
1399
1401
1414
1415
1420
1424
1430
1431
1445
1446
1450
1454
1456
1459
1464
1474
1475
1476
1481
1483
1484
1487
1490
1494
1500
1501
1503
1504
1507
1508
1511
1518
1522
1523
1526
1530
1538
1540
1541
1544
1565
1584
1589
1595
1598
1600
1602
1603
1604
1608
1610
1616
1626
1631
1640
1648
1652
1653
1659
1664
1666
1670
1672
1675
1684
1685
1704
1711
1713
1720
1724
1725
1726
1727
1731
1732
1739
1746
1749
1764
1765
1766
1779
1782
1784
1786
1792
1793
1795
1796
1797
1799
1800
1801
1802
1803
1807
1809
1810
1811
1814
1815
1816
1817
1818
1824
1827
1828
1841
1859
1871
1872
1877
1908
1909
1914
1915
1916
1917
1920
1924
1928
1932
1934
1949
1952
1954
1955
1956
1957
1958
1959
1964
1965
1967
1977
2008
2011
2020
2024
2032
2033
2044
